      14.888223737239615,
      14.506799910862357,
      15.487778643262418,
      15.010568335089605,
      16.00224499504572,
      16.854676328198842,
      14.049715583046856,
      14.268115490316873,
      16.243076278884832,
      12.353581437902823,
      13.61266174022788,
      24.08247775965468,
      12.390099945093011,
      16.27038295207874,
      11.172957930452482,
      11.294978259888097,
      8.18870319872324,
      13.591396138176957,
      12.888289718580648,
      18.161175015482502,
      24.85517966285668,
      14.95764974673169,
      14.029526305237994,
      17.234793584057265,
      11.002901459188742,
      9.433717013040948,
      9.110710512718112,
      13.555599348644737,
      14.465526830061185,
      13.701084685564648,
      13.105193319177308,
      11.18571110970136,
      10.083518664054083,
      5.924614556218754,
      8.06704651050149,
      7.584296221189267,
      14.87970004165147,
      13.693140156130646,
      10.114107130516006,
      11.505300853995976,
      14.15717803628409,
      14.317072378106861,
      17.75351519955261,
      13.57780332314074,
      18.87598436782747,
      9.897304118558136,
      12.634255814822431,
      14.352258468042454,
      16.173160686779962,
      16.09351993378675,
      10.996491730124774,
      14.491882226969654,
      12.132440715065293,
      16.405843654387265,
      9.60841005531289,
      14.255799972139052,
      24.154298261045525,
      12.65247647207952,
      12.38864906290958,
      12.80102535154953,
      15.26298404257547,
      22.171503213835646,
      15.584100295325124,
      16.165702544437934,
      34.94287768260648,
      16.129087191045745,
      18.23928794772335,
      13.988687786838922,
      12.679738757497281,
      15.962603533967828,
      16.07177136914953,
      24.660402259027517,
      35.47897632144768,
      20.17104362707293,
      18.649588805432614,
      14.529244363004361,
      5.573065940826066,
      8.585266548003554,
      9.31774998684548,
      17.805624193470038,
      13.075650738974936,
      13.277980385561788,
      17.043476442396948,
      10.392589067128679,
      10.431795912392657,
      17.986033252312993,
      16.136678047047532,
      15.52197613965949,
      21.101492118966547,
      15.379585945484328,
      14.971446855675357,
      10.468079542444212,
      9.242129010127673,
      9.314638410197775,
      11.295193074088349,
      14.820855829678061,
      13.54974720040414,
      12.151503402571969,
      9.56072764884234,
      14.879931493537027,
      12.309344973053335,
      17.028414436899435,
      20.440128735037376,
      9.789296547674892,
      10.799593365031155,
      11.587818930266481,
      12.650610213324429,
      13.435057401937739,
      13.239225762414817,
      12.961884116890321,
      12.327119408822101,
      12.08043778223367,
      13.259801386316893,
      11.896728985651077,
      14.66133377093054,
      14.352523603969994,
      17.909163318666653,
      13.113590864971279,
      12.143866284240545,
      13.804948800211873,
      11.309865928399866,
      9.303223535053649,
      12.714753615391672,
      18.010180803303932,
      20.09814469874055,
      25.920305132456036,
      27.28124244347387,
      18.60770116412547,
      17.331862755356894,
      32.04112314202063,
      25.881060408891017,
      21.205277555554563,
      16.616949362965734,
      30.39080815023407,
      52.858743084583786,
      24.7434050317547,
      64.47634432444238,
      11.698185954569695,
      18.321747274997364,
      20.590496224489403,
      13.141628980042121,
      22.674607147598937,
      25.15701934556189,
      38.924497335161945,
      20.28676886624597,
      29.607863631212517,
      22.384793424686844,
      17.811142925032946,
      346.6027707116845